80
22
443
53
88
21
81
25
110
993
143
995
465
587
111
3000
888
3389
3306
2086
2096
2083
135
2082
1723
5432
2095
2087
139
8443
7080
1022
1194
106
9273
2077
1883
5090
8880
2078
444
8888
2091
943
5061
100
8000
8090
23
2053
554
1443
5060
1935
82
1433
8080
8081
54
89
90
9100
2080
5000
33
1080
1588
2000
2222
8083
105
2016
85
2005
2022
6379
27017
47001
7001
15672
12345
101
179
222
389
1023
1848
1884
2023
445
86
99
102
103
989
1843
2031
2052
104
220
593
631
830
990
5985
24
26
55
66
69
70
83
84
442
636
1091
1337
2003
2019
9200
49154
49155
464
873
1025
1234
2020
2105
2525
4000
37
42
60
73
92
94
96
98
1504
1521
1993
2021
2024
2030
2112
5672
109
333
541
777
902
992
1502
1579
1690
1693
1721
1776
1854
1911
1939
1971
1976
1995
2002
2010
2012
2079
2377
5357
5677
8181
9000
9999
10215
27
29
31
34
35
36
38
39
40
41
43
44
45
46
47
48
49
50
51
52
56
58
59
61
62
63
64
65
67
68
71
72
74
75
77
78
79
87
91
93
95
97
269
324
446
1505
1507
1514
1532
1535
1537
1550
1555
1565
1586
1595
1597
1602
1605
1607
1610
1621
1628
1630
1632
1639
1641
1661
1668
1671
1701
1706
1781
1788
1806
1860
1875
1881
1889
1893
1923
1936
1941
1963
1981
1984
1986
2029
2042
5623
9090
9443
10107
10124
49152
20
207
219
423
458
469
544
574
706
881
915
1046
1074
1141
1162
1213
1219
1278
1283
1285
1468
1489
1500
1515
1519
1522
1546
1560
1572
1577
1584
1585
1600
1615
1617
1619
1642
1646
1648
1653
1659
1664
1666
1672
1676
1679
1686
1711
1712
1714
1716
1717
1719
1724
1737
1742
1744
1747
1750
1756
1759
1763
1764
1770
1782
1784
1793
1802
1805
1809
1812
1820
1821
1825
1830
1841
1850
1858
1861
1866
1868
1873
1878
1898
1900
1906
1907
1910
1917
1918
1925
1930
1933
1954
1961
1968
1969
1973
1974
1978
1979
1989
1996
1998
1999
2015
2027
2039
2045
2047
2049
2060
2061
2064
2067
2072
2073
2103
2106
2196
3387
4646
10181
10621
10628
15660
28
30
32
57
76
441
460
801
914
1000
1088
1092
1274
1313
1524
1538
1540
1544
1548
1592
1612
1644
1650
1695
1726
1733
1738
1757
1761
1772
1780
1786
1791
1797
1799
1801
1826
1827
1836
1853
1876
1880
1895
1904
1912
1915
1920
1938
1951
1956
1957
1964
1977
1987
2054
2084
2099
2197
2202
2406
4001
4433
5900
8088
9404
10710
12000
9
299
500
555
852
1111
1212
1305
1531
1551
1562
1581
1591
1614
1622
1652
1680
1696
1698
1704
1729
1739
1745
1752
1754
1787
1789
1794
1831
1845
1851
1859
1863
1865
1870
1886
1888
1921
1940
1946
1950
1953
1970
1983
1994
2004
2008
2013
2018
2035
2041
2048
2059
2069
2090
2100
2109
2113
2195
2232
3010
3128
3478
5024
5051
5059
5200
5307
5320
5360
5512
7070
8001
8069
8545
8964
8966
9003
9077
9093
9183
9966
10001
10243
10443
13782
16113
49153
49160
113
200
223
301
306
329
448
655
666
778
790
800
980
983
999
1010
1012
1027
1055
1085
1099
1201
1205
1235
1312
1314
1315
1357
1378
1380
1496
1508
1510
1527
1529
1534
1543
1553
1568
1574
1587
1590
1609
1629
1636
1640
1647
1651
1663
1673
1675
1677
1685
1702
1705
1708
1728
1732
1736
1751
1767
1775
1777
1790
1798
1808
1811
1819
1824
1856
1864
1879
1899
1903
1909
1914
1919
1947
1948
1949
1952
1955
1958
1962
1966
1988
2001
2006
2007
2009
2025
2036
2044
2050
2051
2063
2066
2070
2088
2107
2111
2211
2471
2777
3005
3030
3268
4190
5006
5065
5075
5094
5206
5443
5666
6239
6394
6519
7701
8002
8070
8369
8546
8800
8834
9022
9132
9389
9900
10018
10024
10037
10050
10052
10090
10130
10132
10138
10155
10165
12174
13456
15002
17877
18988
19801
32770
50002
55055
13
122
201
202
212
224
225
228
229
230
231
233
234
236
237
238
239
240
243
244
245
246
248
249
250
251
253
255
256
257
258
259
260
261
262
263
264
265
266
267
268
270
271
272
274
276
278
280
281
282
283
284
285
286
288
291
292
293
294
295
298
300
302
303
304
305
307
310
311
313
315
316
317
318
319
320
321
322
325
326
327
328
330
331
332
334
335
336
337
338
339
340
341
342
343
344
345
346
347
349
352
353
354
355
356
357
358
368
369
384
425
427
428
429
430
431
432
435
436
439
447
481
488
491
502
510
520
534
537
548
550
556
567
661
685
701
711
725
760
784
785
786
811
812
813
839
850
856
903
911
916
917
918
919
920
921
933
950
951
955
956
961
966
968
991
998
1005
1007
1013
1015
1019
1021
1024
1026
1030
1032
1035
1047
1056
1057
1058
1059
1060
1061
1062
1066
1069
1078
1079
1081
1083
1093
1094
1098
1102
1105
1106
1113
1119
1121
1122
1150
1153
1158
1168
1174
1190
1199
1200
1202
1203
1204
1233
1243
1244
1262
1266
1275
1286
1292
1300
1310
1311
1317
1321
1323
1327
1336
1338
1339
1340
1358
1367
1370
1400
1403
1416
1420
1431
1439
1463
1467
1481
1491
1497
1501
1503
1506
1509
1511
1513
1516
1518
1526
1528
1539
1549
1557
1559
1564
1570
1589
1604
1618
1620
1623
1624
1633
1634
1649
1656
1667
1669
1681
1687
1688
1689
1692
1694
1697
1700
1709
1710
1713
1725
1727
1731
1741
1743
1748
1758
1765
1766
1769
1771
1773
1774
1792
1795
1800
1804
1807
1814
1816
1823
1832
1834
1835
1837
1844
1847
1849
1862
1871
1877
1882
1885
1890
1908
1913
1927
1928
1932
1934
1942
1980
1985
2017
2028
2034
2046
2058
2062
2065
2071
2075
2081
2085
2093
2097
2101
2104
2108
2234
2627
2798
3014
3019
3100
3167
3564
3577
4118
4321
4369
4445
4448
4959
5050
5064
5086
5129
5150
5212
5435
5596
5603
5695
5902
6000
6001
6193
6309
6380
7005
7508
7680
7825
8040
8073
8384
8501
8808
8974
8975
8976
8978
8980
9031
9080
9122
9152
9486
9728
9990
10000
10008
10009
10030
10063
10118
10153
10230
10552
10616
15000
15742
18101
19315
20000
30000
32773
32782
49157
50001
1
2
3
4
5
6
7
8
10
11
12
14
15
16
17
18
19
107
108
112
116
117
118
119
120
121
123
124
125
126
127
128
130
131
132
133
136
137
138
140
141
142
144
145
147
148
149
150
151
152
153
154
155
156
157
158
159
160
161
162
163
164
165
167
168
169
171
172
173
174
175
176
177
178
180
181
182
183
184
185
186
187
188
189
190
192
193
194
195
196
197
198
199
203
205
206
208
209
210
211
214
215
216
217
218
221
226
227
232
235
242
252
254
273
275
277
287
289
290
308
312
314
323
348
351
359
360
361
362
363
364
365
366
367
370
371
372
373
374
376
378
380
382
383
385
386
387
388
391
392
393
394
395
396
397
398
399
400
401
402
403
404
405
406
407
408
409
410
411
412
413
414
415
417
418
419
420
421
422
424
426
433
434
437
438
440
450
451
452
453
454
455
456
457
459
461
462
463
466
467
468
470
471
472
473
474
475
476
477
478
479
480
482
483
484
485
486
487
489
490
492
493
494
496
497
498
499
501
503
504
505
506
508
509
511
512
513
514
515
516
517
518
519
521
522
523
524
525
526
527
528
529
530
531
532
533
535
536
538
539
540
542
543
545
546
547
549
551
552
553
557
558
559
560
561
562
563
564
565
566
568
569
570
571
572
573
575
576
577
578
579
580
581
582
584
586
588
589
590
591
592
594
596
597
598
599
600
604
605
606
607
608
610
611
612
613
614
615
616
618
619
620
621
622
623
624
625
626
627
628
629
630
632
633
634
635
638
639
640
641
642
643
644
645
646
647
648
649
650
651
652
653
654
656
657
658
659
660
665
667
668
669
670
671
672
673
674
675
677
678
679
680
681
682
683
684
686
687
688
689
690
691
692
693
694
696
697
698
699
700
702
704
705
707
708
709
710
712
713
714
715
716
717
718
719
720
721
722
723
724
727
728
729
730
731
732
733
734
735
736
737
738
739
740
741
742
743
745
746
747
749
750
751
752
753
754
756
758
759
761
762
763
764
765
766
767
768
769
770
771
772
773
774
775
776
780
781
782
787
789
791
792
793
795
796
797
798
799
802
803
804
805
806
807
808
809
814
815
816
817
818
820
821
822
823
824
825
826
827
828
829
832
833
834
835
836
837
838
840
841
842
843
844
845
846
847
848
851
853
854
855
857
858
859
860
861
862
863
864
865
866
867
868
870
871
875
877
878
879
880
883
884
885
886
887
889
890
891
892
893
894
895
896
897
898
899
900
904
905
906
907
908
909
910
912
913
922
923
924
925
926
927
929
930
931
932
934
939
940
941
942
944
945
946
947
949
953
954
957
958
959
960
962
963
964
965
967
969
970
971
972
973
974
975
976
977
978
979
981
982
984
985
986
987
988
994
996
997
1001
1002
1003
1004
1006
1008
1009
1016
1017
1018
1020
1028
1029
1031
1033
1034
1036
1037
1038
1039
1040
1042
1043
1045
1048
1049
1050
1051
1053
1054
1063
1064
1065
1068
1070
1072
1073
1075
1076
1077
1082
1084
1086
1087
1089
1090
1095
1097
1101
1103
1104
1107
1108
1109
1110
1112
1114
1115
1116
1117
1118
1120
1123
1125
1126
1127
1128
1129
1130
1131
1132
1133
1134
1135
1136
1137
1138
1139
1140
1142
1143
1144
1145
1146
1147
1148
1149
1151
1152
1154
1155
1156
1157
1159
1160
1161
1163
1164
1165
1166
1167
1169
1170
1171
1172
1173
1175
1176
1177
1178
1179
1180
1181
1182
1183
1184
1185
1186
1187
1188
1189
1191
1192
1193
1195
1196
1197
1198
1206
1207
1208
1209
1210
1211
1214
1215
1216
1217
1218
1220
1221
1222
1223
1224
1225
1226
1227
1228
1229
1230
1231
1232
1236
1237
1238
1240
1241
1242
1245
1246
1247
1248
1249
1250
1251
1252
1253
1254
1255
1256
1257
1258
1259
1260
1261
1263
1264
1265
1267
1268
1269
1270
1271
1272
1273
1276
1277
1279
1280
1281
1282
1284
1287
1288
1289
1290
1291
1293
1294
1295
1296
1297
1298
1299
1301
1302
1303
1304
1306
1307
1308
1309
1316
1318
1319
1320
1322
1324
1325
1326
1328
1329
1330
1331
1332
1333
1334
1335
1341
1342
1343
1344
1345
1346
1347
1348
1349
1350
1352
1353
1354
1355
1356
1359
1360
1361
1362
1363
1364
1365
1366
1368
1369
1371
1372
1373
1374
1375
1376
1377
1379
1381
1382
1383
1385
1386
1387
1388
1389
1390
1391
1392
1393
1394
1395
1396
1398
1399
1401
1402
1406
1407
1408
1410
1411
1412
1413
1414
1415
1417
1418
1419
1421
1422
1423
1424
1425
1426
1427
1428
1429
1430
1432
1435
1436
1437
1438
1440
1441
1442
1444
1445
1447
1448
1449
1450
1451
1452
1453
1454
1455
1456
1458
1459
1461
1462
1464
1465
1466
1469
1470
1471
1472
1473
1474
1475
1476
1477
1478
1479
1480
1483
1484
1485
1486
1488
1490
1492
1493
1494
1495
1498
1517
1520
1523
1525
1530
1533
1536
1541
1542
1545
1547
1552
1554
1556
1558
1561
1563
1566
1567
1569
1571
1573
1575
1578
1580
1582
1583
1593
1594
1596
1598
1599
1601
1603
1606
1608
1611
1613
1616
1625
1626
1627
1631
1637
1638
1643
1645
1655
1657
1658
1660
1665
1670
1674
1678
1682
1684
1691
1699
1703
1715
1718
1720
1722
1730
1734
1735
1740
1746
1749
1753
1755
1762
1768
1778
1779
1783
1785
1803
1810
1813
1815
1817
1818
1822
1828
1829
1833
1838
1839
1840
1842
1846
1852
1855
1857
1867
1869
1872
1874
1887
1891
1892
1894
1896
1897
1901
1902
1905
1916
1922
1924
1926
1929
1931
1937
1943
1944
1945
1959
1960
1965
1967
1972
1975
1982
1990
1991
1992
1997
2011
2014
2026
2032
2033
2037
2038
2040
2043
2055
2056
2057
2068
2074
2076
2089
2092
2094
2098
2102
2110
2120
2123
2140
2157
2174
2177
2193
2203
2216
2221
2224
2266
2290
2291
2293
2320
2324
2344
2372
2389
2390
2391
2396
2418
2419
2434
2439
2477
2480
2484
2487
2504
2506
2508
2509
2510
2516
2520
2527
2541
2548
2555
2572
2577
2579
2586
2588
2602
2637
2641
2649
2651
2655
2683
2687
2701
2706
2741
2759
2780
2790
2800
2801
2803
2806
2809
2812
2832
2834
2844
2845
2858
2875
2883
2885
2889
2894
2918
2924
2928
2934
2942
2947
2953
2963
2983
2991
2999
3006
3021
3028
3051
3053
3065
3093
3108
3160
3174
3189
3193
3232
3236
3240
3265
3307
3315
3332
3364
3407
3410
3436
3455
3479
3528
3541
3589
3625
3649
3674
3688
3692
3698
3706
3713
3718
3760
3767
3804
3928
3934
3973
3974
3983
4007
4025
4032
4040
4110
4140
4165
4242
4254
4255
4272
4295
4350
4356
4362
4372
4373
4397
4415
4422
4441
4474
4499
4553
4567
4610
4634
4658
4699
4748
4782
4799
4829
4847
4888
4908
4930
4944
4954
4972
4990
5001
5012
5017
5029
5047
5071
5093
5105
5120
5126
5153
5162
5186
5201
5210
5214
5223
5231
5241
5256
5257
5261
5266
5344
5349
5361
5397
5402
5413
5437
5454
5460
5507
5532
5548
5570
5689
5713
5778
5779
5789
5794
5836
5843
5873
5874
5919
5950
5959
5969
5970
5999
6038
6047
6085
6093
6099
6106
6116
6122
6126
6192
6269
6272
6344
6363
6443
6449
6454
6465
6483
6506
6552
6576
6580
6630
6655
6658
6664
6686
6689
6711
6721
6760
6838
6843
6898
6903
6922
6937
6946
7004
7006
7012
7024
7051
7200
7257
7258
7270
7312
7320
7338
7352
7396
7400
7416
7493
7503
7522
7525
7537
7545
7564
7576
7593
7601
7612
7717
7734
7815
7843
7848
7876
7878
7882
7893
7941
7953
7960
7967
7985
7994
8003
8010
8035
8056
8061
8078
8084
8119
8123
8130
8136
8142
8182
8186
8193
8209
8215
8242
8266
8276
8310
8336
8339
8376
8399
8405
8410
8423
8425
8444
8450
8469
8470
8484
8485
8491
8495
8500
8519
8589
8623
8719
8766
8768
8819
8826
8837
8843
8860
8914
8923
8933
8967
8991
8997
9009
9010
9063
9065
9071
9083
9112
9123
9136
9159
9178
9197
9217
9245
9256
9261
9316
9346
9387
9402
9425
9431
9470
9491
9497
9508
9524
9537
9551
9586
9594
9648
9673
9674
9706
9717
9732
9735
9753
9762
9769
9773
9839
9874
9908
9935
9974
10012
10014
10022
10040
10057
10062
10069
10073
10091
10102
10156
10162
10169
10182
10187
10188
10204
10224
10235
10263
10270
10280
10282
10361
10373
10385
10430
10435
10442
10464
10479
10502
10508
10513
10516
10527
10535
10539
10541
10593
10601
10630
10645
10668
10704
11110
16012
14441
20005
26214
27715
33354
44442
50389
56737
57294
114
115
129
134
146
166
170
191
204
213
241
296
297
309
350
379
381
390
416
449
495
507
585
595
602
603
609
637
695
703
726
744
748
755
757
783
788
794
810
819
831
849
869
876
882
901
928
935
936
937
938
948
952
1011
1041
1044
1052
1067
1071
1100
1124
1239
1351
1384
1397
1404
1405
1409
1434
1446
1457
1460
1482
1487
1499
1512
1576
1635
1654
1662
1683
1707
1760
1796
2122
2124
2126
2127
2134
2137
2146
2152
2168
2169
2180
2198
2208
2212
2213
2218
2219
2237
2241
2246
2249
2250
2254
2259
2271
2282
2297
2303
2317
2339
2342
2347
2351
2360
2366
2374
2384
2387
2407
2416
2422
2423
2426
2442
2445
2458
2462
2469
2470
2488
2489
2494
2503
2514
2521
2537
2543
2582
2597
2611
2616
2620
2628
2632
2642
2654
2663
2672
2676
2679
2684
2690
2695
2696
2702
2713
2720
2721
2722
2725
2729
2732
2735
2740
2743
2754
2760
2788
2791
2797
2799
2828
2841
2849
2852
2873
2882
2884
2902
2903
2906
2909
2910
2916
2927
2931
2937
2943
2960
2961
2974
2987
2989
2998
3029
3036
3039
3050
3055
3059
3082
3099
3107
3113
3138
3144
3156
3157
3161
3164
3177
3181
3214
3224
3250
3257
3274
3298
3310
3320
3327
3329
3345
3349
3361
3390
3439
3444
3462
3474
3502
3537
3539
3551
3569
3582
3597
3617
3618
3642
3643
3651
3654
3655
3677
3681
3683
3684
3691
3699
3719
3727
3737
3755
3780
3787
3789
3810
3821
3834
3870
3886
3891
3899
3914
3917
3941
3969
3971
3985
4020
4022
4042
4044
4063
4079
4088
4115
4116
4122
4130
4133
4134
4139
4145
4151
4158
4163
4174
4175
4182
4184
4186
4188
4199
4210
4259
4265
4279
4302
4311
4320
4326
4336
4348
4365
4377
4382
4394
4409
4417
4425
4431
4450
4455
4457
4473
4497
4532
4533
4549
4550
4554
4555
4557
4562
4564
4590
4592
4597
4603
4608
4632
4645
4667
4670
4697
4706
4711
4742
4747
4753
4754
4755
4762
4781
4788
4805
4821
4838
4844
4853
4878
4885
4889
4891
4911
4912
4922
4924
4931
4943
4948
4949
4970
4978
4988
5011
5015
5023
5035
5048
5053
5070
5081
5106
5108
5113
5114
5134
5147
5155
5205
5217
5222
5227
5234
5235
5240
5247
5275
5278
5284
5295
5301
5308
5309
5310
5343
5363
5376
5390
5391
5394
5396
5427
5439
5441
5445
5447
5449
5466
5472
5477
5479
5489
5511
5519
5521
5524
5542
5544
5557
5558
5559
5565
5571
5577
5592
5601
5616
5620
5636
5660
5665
5670
5681
5694
5701
5707
5733
5736
5741
5748
5762
5786
5802
5825
5832
5844
5850
5862
5866
5867
5877
5895
5898
5901
5913
5931
5936
5937
5957
5971
5980
5983
5992
6020
6036
6041
6044
6059
6064
6087
6098
6139
6145
6148
6154
6163
6177
6183
6187
6204
6256
6265
6275
6277
6285
6291
6297
6301
6306
6331
6339
6345
6361
6362
6396
6401
6403
6408
6409
6414
6438
6444
6451
6499
6501
6504
6515
6522
6531
6536
6540
6541
6545
6548
6558
6559
6575
6581
6582
6584
6607
6623
6624
6634
6646
6660
6663
6703
6715
6723
6740
6743
6748
6749
6763
6765
6766
6771
6787
6806
6809
6819
6820
6830
6831
6840
6870
6883
6884
6892
6912
6926
6932
6934
6958
6963
6965
6969
6970
6982
6984
6987
6988
6989
6991
7017
7026
7040
7048
7057
7062
7069
7075
7086
7105
7153
7157
7183
7184
7201
7207
7217
7222
7241
7251
7264
7281
7285
7292
7297
7304
7309
7316
7333
7334
7335
7337
7343
7355
7364
7365
7386
7389
7390
7420
7438
7452
7462
7469
7482
7505
7513
7521
7546
7553
7555
7559
7565
7594
7624
7654
7665
7668
7669
7670
7683
7684
7694
7702
7707
7720
7723
7737
7739
7753
7755
7768
7820
7845
7855
7860
7871
7873
7880
7888
7915
7916
7921
7931
7949
7955
7973
7983
7986
7988
7995
8031
8032
8034
8054
8074
8075
8077
8082
8091
8094
8096
8099
8120
8129
8144
8155
8170
8180
8187
8192
8204
8208
8235
8243
8248
8249
8275
8281
8288
8294
8316
8319
8328
8334
8359
8365
8366
8370
8386
8389
8393
8401
8408
8414
8421
8437
8439
8454
8461
8463
8474
8483
8487
8493
8502
8523
8530
8541
8560
8574
8580
8583
8588
8591
8594
8609
8638
8644
8649
8658
8675
8676
8680
8683
8687
8691
8697
8705
8717
8718
8720
8746
8764
8825
8828
8830
8845
8848
8850
8854
8873
8879
8889
8892
8901
8918
8940
8944
8948
8952
8968
9005
9023
9032
9035
9043
9055
9058
9072
9091
9102
9115
9133
9143
9160
9173
9179
9185
9188
9202
9209
9212
9219
9221
9239
9251
9258
9275
9293
9296
9337
9357
9367
9368
9375
9398
9399
9413
9417
9420
9437
9442
9453
9459
9468
9481
9482
9514
9519
9520
9522
9540
9571
9573
9577
9583
9588
9596
9602
9616
9617
9639
9644
9656
9675
9676
9694
9718
9737
9740
9741
9746
9770
9771
9775
9788
9809
9827
9829
9840
9868
9890
9895
9896
9904
9907
9924
9945
9946
9956
9957
9967
9968
9985
9992
10016
10026
10065
10079
10081
10083
10096
10099
10101
10109
10113
10120
10123
10125
10129
10140
10145
10147
10170
10173
10196
10205
10220
10227
10228
10237
10251
10262
10276
10293
10299
10328
10346
10374
10378
10388
10397
10399
10400
10410
10424
10441
10474
10497
10572
10575
10609
10617
10626
10640
10641
10646
10653
10676
10699
10706
10711
10715
10725
10744
14000
16016
16080
18040
20828
22939
23502
32784
34572
48080
50000
50800
52673
52848
54045
54328
58080
64623
247
583
601
662
664
676
779
872
2129
2136
2149
2171
2172
2183
2200
2215
2236
2244
2265
2273
2283
2323
2327
2348
2354
2363
2368
2375
2386
2388
2404
2409
2413
2425
2427
2461
2481
2490
2501
2529
2534
2549
2553
2558
2571
2590
2600
2607
2619
2622
2626
2630
2634
2636
2658
2671
2674
2700
2705
2710
2711
2717
2719
2726
2736
2774
2789
2792
2796
2805
2813
2814
2819
2822
2837
2840
2855
2874
2887
2898
2908
2917
2920
2935
2951
2964
2966
2967
2972
2977
2993
3007
3008
3043
3101
3105
3121
3137
3215
3227
3228
3237
3244
3254
3259
3281
3289
3290
3331
3334
3338
3374
3404
3431
3441
3446
3472
3494
3498
3499
3504
3510
3516
3536
3554
3567
3572
3612
3620
3630
3636
3644
3661
3667
3678
3700
3703
3709
3724
3730
3733
3740
3742
3749
3764
3781
3784
3792
3793
3808
3819
3833
3836
3857
3883
3889
3923
3933
3954
3977
3980
3989
4002
4004
4012
4016
4018
4047
4053
4061
4095
4121
4136
4144
4153
4170
4179
4196
4200
4201
4209
4215
4218
4226
4229
4240
4253
4267
4270
4276
4287
4288
4289
4291
4300
4324
4333
4338
4345
4360
4381
4384
4390
4391
4396
4401
4403
4413
4439
4454
4490
4491
4496
4529
4559
4566
4601
4605
4609
4618
4628
4651
4659
4664
4669
4689
4695
4696
4736
4737
4756
4767
4770
4772
4775
4809
4815
4827
4848
4864
4868
4873
4876
4877
4894
4907
4914
4927
4935
4936
4955
4962
4964
4965
4969
4979
4995
5005
5025
5027
5030
5032
5041
5056
5087
5088
5097
5107
5111
5135
5161
5164
5170
5172
5174
5176
5178
5179
5195
5199
5213
5221
5251
5255
5262
5289
5294
5297
5311
5321
5335
5348
5350
5365
5366
5367
5368
5386
5400
5407
5425
5462
5465
5467
5468
5474
5484
5491
5497
5504
5513
5520
5528
5536
5551
5561
5568
5607
5647
5649
5650
5691
5705
5706
5709
5715
5725
5742
5761
5766
5772
5776
5796
5801
5808
5810
5814
5827
5830
5838
5846
5847
5869
5890
5903
5912
5914
5922
5942
5952
5953
5954
5991
6002
6007
6037
6042
6043
6046
6052
6053
6070
6089
6101
6110
6111
6147
6162
6168
6181
6197
6206
6221
6225
6226
6245
6246
6255
6261
6276
6286
6303
6321
6348
6369
6378
6383
6388
6393
6415
6430
6448
6464
6472
6490
6492
6498
6509
6523
6530
6547
6555
6597
6629
6631
6638
6642
6644
6650
6654
6657
6672
6692
6694
6695
6697
6698
6699
6707
6732
6734
6738
6744
6752
6759
6762
6777
6789
6792
6794
6803
6808
6823
6832
6846
6848
6850
6855
6867
6875
6882
6888
6889
6911
6949
6951
6961
6977
6978
6979
7002
7008
7011
7031
7046
7088
7095
7102
7113
7125
7168
7169
7174
7175
7182
7185
7223
7230
7279
7280
7294
7311
7326
7351
7356
7357
7371
7415
7424
7429
7431
7464
7466
7473
7487
7502
7526
7527
7542
7543
7578
7584
7619
7638
7675
7682
7709
7714
7725
7745
7766
7770
7800
7857
7864
7889
7895
7933
7965
7966
7978
7991
7996
8005
8006
8030
8036
8044
8050
8066
8079
8085
8089
8107
8117
8132
8138
8147
8185
8191
8199
8203
8207
8218
8223
8230
8237
8251
8263
8267
8269
8272
8292
8293
8301
8304
8326
8333
8340
8341
8362
8379
8380
8411
8422
8451
8465
8477
8478
8479
8527
8544
8554
8555
8568
8573
8582
8592
8603
8604
8619
8625
8626
8629
8633
8637
8640
8666
8667
8671
8722
8748
8761
8784
8785
8802
8806
8811
8831
8838
8874
8877
8878
8883
8886
8894
8903
8904
8905
8906
8907
8911
8916
8919
8945
8958
8977
8998
9008
9013
9016
9048
9049
9073
9074
9081
9082
9094
9099
9105
9110
9117
9146
9150
9162
9165
9168
9171
9204
9205
9234
9242
9260
9271
9272
9277
9279
9295
9297
9301
9302
9309
9314
9318
9329
9331
9335
9341
9342
9359
9382
9439
9450
9463
9465
9475
9478
9488
9500
9503
9526
9527
9541
9548
9549
9579
9598
9599
9604
9609
9610
9612
9652
9667
9672
9686
9697
9702
9708
9709
9724
9748
9749
9756
9776
9777
9790
9796
9798
9801
9802
9832
9835
9842
9901
9903
9913
9928
9934
9961
9962
9969
9973
9976
9979
9980
10006
10007
10011
10028
10031
10032
10034
10044
10045
10058
10061
10105
10117
10133
10135
10141
10142
10143
10154
10177
10192
10194
10217
10261
10273
10275
10296
10297
10298
10302
10312
10324
10326
10336
10339
10363
10371
10375
10382
10416
10445
10446
10456
10461
10463
10485
10515
10526
10544
10553
10557
10573
10578
10580
10581
10584
10597
10603
10606
10611
10614
10615
10619
10639
10657
10663
10671
10672
10678
10691
11967
13722
19101
19842
14238
32768
32778
32781
34571
40193
41511
45100
49163
49165
49400
50300
51493
63331
64680
279
375
377
617
874
1014
2117
2139
2142
2156
2161
2165
2199
2210
2233
2253
2262
2279
2294
2299
2313
2315
2316
2318
2322
2332
2335
2338
2341
2369
2376
2383
2393
2403
2431
2436
2467
2474
2479
2493
2499
2505
2512
2513
2522
2546
2564
2570
2576
2578
2598
2624
2643
2652
2666
2689
2704
2707
2712
2718
2724
2763
2767
2768
2770
2785
2786
2787
2802
2818
2820
2823
2827
2830
2835
2839
2846
2853
2866
2869
2870
2895
2897
2900
2913
2919
2922
2940
2945
2952
2956
2971
2978
2982
2997
3025
3064
3070
3074
3091
3119
3126
3127
3129
3135
3141
3150
3154
3186
3198
3199
3203
3204
3210
3217
3222
3271
3279
3286
3295
3314
3335
3341
3352
3356
3357
3376
3379
3382
3384
3386
3414
3435
3437
3440
3447
3450
3456
3463
3476
3486
3526
3534
3540
3543
3548
3552
3557
3566
3595
3602
3614
3657
3659
3662
3663
3671
3689
3702
3720
3726
3731
3741
3746
3747
3766
3768
3794
3801
3805
3815
3840
3855
3868
3875
3879
3895
3911
3913
3915
3922
3925
3939
3950
3953
3956
3982
3988
3991
4003
4010
4026
4035
4055
4077
4103
4108
4109
4119
4127
4160
4185
4193
4195
4213
4217
4223
4228
4230
4232
4235
4250
4251
4257
4298
4306
4322
4330
4332
4334
4337
4339
4344
4347
4357
4361
4400
4404
4405
4418
4443
4460
4495
4507
4510
4522
4527
4540
4545
4547
4551
4556
4563
4569
4572
4588
4604
4613
4631
4633
4640
4649
4661
4675
4681
4682
4705
4713
4717
4729
4731
4734
4735
4752
4763
4769
4774
4776
4792
4793
4794
4804
4813
4825
4828
4862
4870
4874
4883
4903
4917
4921
4923
4947
4992
4999
5016
5026
5028
5036
5040
5042
5052
5057
5072
5078
5079
5091
5096
5118
5119
5123
5125
5128
5139
5140
5141
5144
5145
5149
5154
5158
5160
5166
5167
5169
5184
5188
5192
5204
5236
5237
5246
5253
5265
5283
5286
5287
5288
5290
5300
5302
5319
5324
5330
5332
5333
5336
5342
5354
5384
5385
5388
5406
5408
5409
5419
5422
5444
5458
5461
5476
5485
5490
5493
5498
5502
5527
5530
5538
5547
5555
5585
5593
5604
5614
5615
5627
5628
5656
5661
5663
5667
5669
5674
5678
5682
5697
5732
5734
5744
5746
5791
5795
5799
5800
5831
5848
5851
5868
5885
5891
5896
5910
5924
5929
5947
5960
5965
5975
5976
6011
6018
6072
6091
6094
6102
6103
6113
6115
6121
6165
6189
6199
6203
6220
6223
6224
6233
6238
6241
6244
6254
6267
6281
6283
6307
6308
6316
6326
6352
6359
6367
6370
6384
6386
6397
6399
6407
6410
6416
6419
6423
6429
6436
6446
6467
6473
6477
6478
6512
6538
6550
6553
6560
6568
6571
6587
6606
6617
6620
6625
6647
6649
6662
6667
6709
6712
6719
6729
6731
6736
6742
6753
6754
6769
6779
6795
6804
6811
6812
6813
6816
6821
6837
6849
6852
6854
6857
6864
6869
6885
6886
6890
6927
6933
6935
6940
6941
6942
6957
6962
6974
6995
6996
7000
7013
7020
7025
7028
7039
7042
7045
7052
7055
7066
7074
7079
7098
7106
7129
7130
7131
7132
7138
7143
7145
7147
7150
7167
7190
7195
7220
7221
7228
7240
7242
7245
7247
7250
7252
7253
7266
7269
7274
7278
7283
7284
7288
7321
7346
7373
7375
7378
7380
7392
7399
7413
7434
7451
7453
7470
7471
7479
7497
7498
7500
7501
7519
7531
7577
7580
7587
7611
7620
7627
7635
7636
7637
7645
7656
7659
7667
7672
7686
7692
7693
7695
7705
7719
7729
7743
7746
7758
7762
7763
7769
7776
7779
7782
7783
7784
7794
7795
7802
7816
7817
7850
7853
7856
7858
7863
7875
7883
7885
7906
7912
7918
7920
7932
7946
7962
7970
7974
8007
8019
8022
8025
8026
8039
8047
8051
8052
8071
8087
8104
8137
8148
8154
8166
8168
8169
8177
8189
8212
8214
8224
8226
8231
8240
8246
8257
8258
8264
8268
8270
8271
8280
8282
8283
8284
8299
8314
8315
8323
8325
8335
8342
8346
8368
8372
8374
8375
8394
8395
8402
8413
8426
8428
8430
8446
8453
8472
8476
8490
8498
8503
8507
8508
8511
8521
8524
8532
8547
8549
8550
8557
8559
8564
8567
8576
8578
8585
8593
8596
8607
8608
8611
8631
8636
8653
8656
8661
8664
8668
8674
8678
8693
8714
8730
8736
8739
8741
8753
8759
8780
8789
8792
8796
8817
8847
8885
8899
8927
8955
8959
8971
8972
8983
8985
8992
8994
9001
9014
9019
9024
9036
9037
9041
9051
9056
9059
9066
9067
9069
9070
9085
9095
9096
9097
9116
9119
9125
9137
9142
9145
9147
9148
9149
9153
9156
9158
9163
9174
9194
9218
9233
9236
9238
9265
9266
9276
9310
9313
9315
9348
9351
9365
9372
9379
9384
9396
9400
9422
9429
9432
9433
9449
9452
9456
9469
9510
9512
9517
9525
9530
9532
9542
9553
9569
9578
9597
9611
9626
9643
9649
9658
9671
9681
9682
9685
9692
9701
9705
9736
9745
9760
9780
9791
9818
9846
9849
9850
9852
9855
9856
9867
9873
9888
9889
9892
9902
9909
9922
9936
9943
9948
9950
9951
9952
9970
9972
9975
9978
9987
9989
9993
9995
9996
10005
10017
10020
10027
10043
10054
10068
10085
10115
10126
10127
10134
10136
10163
10167
10171
10174
10198
10200
10216
10226
10238
10250
10253
10266
10272
10281
10286
10287
10308
10314
10322
10337
10342
10352
10358
10394
10407
10419
10434
10436
10465
10466
10475
10480
10484
10514
10538
10548
10558
10562
10565
10568
10569
10608
10610
10624
10625
10629
10638
10662
10669
10689
10701
10705
10713
10716
10720
10727
10734
10743
10749
15003
19283
19780
24800
31337
32779
44176
49156
49158
49999
55600
663
2119
2135
2148
2160
2181
2184
2185
2188
2189
2194
2206
2223
2226
2227
2256
2257
2268
2269
2274
2296
2302
2314
2319
2350
2353
2356
2357
2365
2379
2380
2385
2399
2402
2415
2420
2424
2428
2441
2448
2460
2496
2515
2519
2531
2532
2533
2540
2544
2551
2552
2556
2557
2561
2563
2567
2568
2573
2585
2592
2594
2608
2609
2631
2640
2648
2650
2656
2662
2668
2675
2678
2681
2685
2699
2708
2737
2745
2750
2753
2756
2757
2762
2769
2771
2773
2779
2782
2783
2815
2825
2843
2854
2862
2872
2878
2893
2899
2912
2921
2923
2948
2954
2959
2962
2973
2976
2996
3009
3012
3017
3020
3023
3024
3026
3035
3037
3040
3049
3060
3062
3067
3076
3077
3079
3080
3087
3088
3092
3104
3110
3117
3125
3130
3132
3133
3139
3143
3146
3148
3151
3158
3166
3171
3173
3188
3194
3195
3197
3206
3207
3211
3216
3221
3229
3231
3234
3246
3247
3256
3262
3263
3269
3276
3277
3280
3282
3287
3296
3299
3316
3323
3324
3333
3336
3337
3343
3348
3355
3359
3362
3363
3370
3378
3381
3392
3397
3399
3415
3417
3419
3423
3443
3445
3460
3464
3477
3487
3490
3500
3509
3521
3522
3527
3535
3565
3596
3605
3606
3607
3611
3616
3629
3634
3637
3647
3650
3676
3680
3690
3696
3704
3707
3710
3714
3715
3721
3725
3735
3750
3758
3762
3773
3778
3788
3790
3798
3800
3802
3818
3830
3839
3841
3844
3848
3849
3854
3862
3863
3864
3871
3876
3880
3881
3882
3901
3904
3907
3909
3910
3918
3920
3921
3924
3926
3935
3943
3945
3958
3960
3970
3978
3984
3995
3997
4009
4011
4014
4015
4017
4019
4021
4027
4031
4039
4049
4058
4066
4068
4073
4078
4080
4097
4099
4100
4104
4105
4111
4114
4126
4131
4141
4142
4147
4152
4156
4157
4159
4164
4168
4172
4173
4181
4194
4197
4198
4212
4221
4241
4247
4248
4252
4262
4269
4277
4284
4285
4290
4297
4305
4308
4309
4310
4312
4318
4325
4329
4342
4353
4375
4379
4380
4388
4389
4393
4419
4421
4423
4429
4430
4438
4447
4449
4458
4463
4466
4483
4486
4498
4518
4520
4523
4525
4535
4537
4539
4558
4565
4570
4582
4586
4593
4599
4607
4621
4624
4625
4627
4636
4643
4648
4671
4683
4707
4715
4725
4728
4746
4750
4751
4757
4758
4761
4771
4803
4806
4807
4819
4824
4831
4832
4834
4855
4858
4869
4872
4882
4886
4890
4895
4900
4913
4920
4926
4937
4942
4946
4950
4953
4968
4971
4985
4991
4993
4996
4998
5002
5007
5008
5009
5010
5013
5014
5018
5019
5020
5021
5033
5039
5044
5046
5063
5066
5076
5080
5089
5098
5099
5102
5103
5109
5110
5115
5121
5124
5132
5133
5137
5142
5148
5151
5152
5157
5159
5165
5168
5175
5180
5181
5189
5193
5194
5196
5197
5202
5208
5211
5220
5224
5228
5242
5245
5264
5268
5269
5281
5293
5299
5314
5316
5327
5331
5337
5338
5346
5347
5356
5370
5377
5379
5381
5389
5403
5405
5412
5415
5424
5433
5438
5442
5446
5450
5457
5480
5481
5487
5488
5499
5501
5503
5506
5516
5517
5523
5534
5535
5543
5553
5556
5560
5564
5579
5597
5602
5605
5629
5632
5633
5640
5652
5658
5664
5675
5680
5683
5687
5688
5704
5710
5712
5716
5718
5721
5724
5728
5735
5743
5745
5749
5750
5758
5759
5760
5764
5773
5774
5775
5777
5780
5806
5812
5813
5822
5833
5842
5845
5849
5856
5859
5860
5871
5892
5894
5899
5904
5905
5907
5918
5925
5932
5934
5935
5948
5951
5958
5964
5974
5993
5997
6004
6006
6010
6016
6029
6031
6032
6033
6040
6048
6055
6071
6074
6075
6082
6095
6097
6104
6107
6114
6125
6127
6129
6132
6133
6137
6138
6141
6142
6146
6149
6153
6157
6160
6178
6179
6198
6219
6227
6228
6230
6231
6234
6250
6257
6262
6263
6273
6278
6280
6295
6296
6310
6311
6315
6319
6330
6341
6343
6349
6350
6354
6355
6360
6372
6402
6418
6440
6441
6447
6466
6479
6491
6495
6496
6516
6518
6521
6525
6526
6529
6533
6535
6565
6566
6572
6585
6586
6588
6591
6600
6612
6613
6614
6616
6621
6622
6626
6627
6639
6640
6648
6651
6652
6656
6659
6670
6671
6677
6678
6679
6682
6696
6713
6717
6720
6728
6751
6758
6768
6780
6785
6791
6797
6798
6800
6802
6805
6807
6818
6828
6833
6841
6845
6860
6861
6863
6872
6874
6876
6891
6895
6905
6916
6919
6925
6930
6943
6948
6954
6964
6967
6985
6990
6994
7009
7023
7027
7030
7035
7044
7047
7067
7071
7073
7076
7084
7087
7094
7097
7108
7112
7123
7124
7141
7162
7165
7170
7186
7188
7193
7199
7219
7225
7226
7246
7249
7260
7265
7275
7287
7300
7302
7317
7329
7341
7349
7350
7353
7360
7362
7369
7372
7382
7388
7398
7403
7406
7417
7422
7426
7430
7441
7448
7450
7456
7457
7458
7465
7476
7478
7481
7486
7488
7492
7495
7510
7511
7535
7536
7556
7569
7575
7579
7595
7596
7604
7618
7621
7628
7629
7631
7632
7639
7646
7647
7649
7652
7653
7662
7674
7679
7687
7688
7689
7691
7706
7711
7715
7718
7721
7722
7728
7730
7733
7741
7750
7759
7771
7777
7778
7790
7792
7793
7798
7806
7808
7810
7811
7812
7818
7826
7827
7829
7832
7833
7836
7840
7847
7866
7881
7887
7896
7898
7899
7900
7907
7922
7925
7947
7951
7954
7957
7963
7971
7977
7982
7984
7998
8008
8015
8024
8027
8028
8037
8045
8055
8062
8072
8092
8100
8102
8108
8110
8124
8126
8135
8153
8158
8172
8179
8198
8200
8201
8210
8234
8236
8250
8259
8273
8277
8291
8297
8303
8306
8311
8318
8321
8324
8337
8344
8345
8347
8349
8351
8382
8383
8390
8407
8412
8432
8445
8457
8459
8464
8466
8486
8488
8505
8506
8510
8513
8536
8537
8539
8540
8552
8553
8556
8575
8598
8605
8610
8642
8643
8645
8647
8648
8654
8663
8685
8688
8696
8708
8710
8724
8733
8734
8740
8750
8755
8776
8781
8782
8783
8793
8798
8807
8818
8833
8841
8842
8844
8857
8861
8862
8867
8882
8890
8909
8912
8915
8917
8924
8925
8928
8930
8931
8935
8937
8947
8960
8961
8963
8965
8969
8970
8999
9002
9007
9012
9015
9028
9029
9030
9034
9042
9053
9054
9060
9062
9068
9076
9079
9086
9088
9101
9118
9126
9128
9139
9144
9180
9189
9191
9211
9216
9222
9224
9229
9237
9240
9244
9246
9248
9259
9263
9285
9289
9291
9300
9305
9307
9324
9334
9343
9349
9352
9356
9360
9362
9364
9386
9388
9390
9392
9401
9411
9419
9421
9424
9426
9427
9428
9435
9444
9447
9448
9458
9460
9464
9472
9473
9477
9480
9485
9496
9499
9504
9511
9516
9518
9523
9536
9539
9543
9544
9552
9554
9558
9561
9572
9574
9575
9580
9582
9590
9608
9613
9628
9631
9632
9637
9646
9654
9663
9664
9666
9669
9678
9679
9680
9684
9689
9696
9698
9700
9707
9710
9711
9712
9729
9731
9742
9747
9757
9763
9766
9768
9779
9792
9797
9805
9815
9826
9834
9843
9851
9854
9863
9872
9876
9878
9880
9881
9891
9893
9905
9912
9915
9918
9919
9926
9927
9933
9954
9958
9960
9964
9965
9983
9984
9994
9998
10002
10013
10029
10033
10036
10046
10047
10048
10051
10077
10078
10092
10095
10104
10106
10112
10128
10137
10146
10148
10152
10157
10158
10160
10164
10166
10172
10184
10185
10202
10210
10218
10225
10248
10252
10256
10259
10269
10274
10277
10283
10289
10290
10303
10309
10319
10320
10332
10335
10345
10347
10353
10354
10364
10376
10379
10380
10384
10389
10391
10398
10402
10403
10408
10412
10414
10417
10418
10420
10429
10431
10432
10438
10469
10483
10486
10487
10499
10510
10536
10540
10547
10556
10560
10566
10567
10570
10579
10583
10591
10631
10647
10649
10651
10664
10670
10679
10683
10684
10685
10687
10690
10698
10702
10709
10717
10718
10721
10723
10726
10728
10733
10736
10745
10748
10751
10753
10754
16000
16992
19350
25734
27355
30718
30951
31038
32771
32772
32774
49159
50500
50636
51103
61900
65000
65129
65389
1096
2114
2115
2116
2125
2128
2132
2143
2147
2151
2153
2158
2162
2164
2166
2175
2179
2187
2201
2205
2207
2214
2225
2228
2229
2230
2231
2235
2238
2239
2240
2247
2248
2255
2258
2260
2264
2267
2270
2272
2275
2276
2281
2284
2285
2286
2287
2288
2289
2295
2300
2304
2307
2308
2309
2310
2311
2312
2325
2326
2329
2331
2333
2334
2336
2337
2340
2346
2349
2352
2355
2359
2362
2381
2382
2411
2412
2432
2433
2435
2438
2440
2451
2452
2453
2454
2455
2457
2459
2466
2468
2473
2482
2483
2486
2491
2495
2500
2507
2518
2523
2526
2539
2545
2554
2559
2562
2569
2574
2581
2593
2601
2604
2613
2615
2617
2629
2644
2647
2653
2657
2659
2661
2665
2667
2669
2670
2673
2682
2686
2694
2698
2709
2714
2715
2727
2728
2734
2746
2747
2748
2749
2752
2755
2758
2765
2766
2772
2775
2776
2781
2784
2793
2795
2804
2807
2826
2833
2836
2848
2850
2851
2856
2860
2865
2868
2879
2880
2904
2915
2930
2933
2936
2950
2955
2958
2968
2969
2970
2975
2979
2984
2985
2986
2992
2994
3001
3002
3003
3011
3015
3018
3031
3033
3034
3038
3041
3042
3047
3048
3052
3056
3057
3058
3069
3072
3073
3075
3078
3081
3089
3095
3098
3102
3103
3109
3118
3120
3122
3124
3131
3134
3142
3145
3152
3168
3170
3172
3175
3178
3182
3183
3184
3185
3191
3192
3200
3208
3213
3220
3225
3226
3230
3235
3238
3243
3245
3251
3253
3255
3258
3261
3264
3267
3270
3272
3278
3283
3291
3292
3293
3294
3297
3300
3308
3311
3319
3321
3322
3330
3339
3340
3342
3344
3354
3358
3365
3366
3368
3372
3373
3375
3377
3383
3385
3391
3394
3395
3396
3401
3402
3403
3406
3412
3416
3420
3421
3424
3427
3429
3433
3452
3453
3458
3459
3461
3465
3470
3473
3483
3484
3485
3492
3493
3496
3505
3507
3508
3511
3512
3514
3515
3517
3519
3520
3523
3524
3525
3532
3542
3553
3555
3556
3559
3560
3562
3563
3571
3573
3575
3581
3584
3585
3586
3588
3593
3594
3600
3608
3609
3613
3621
3622
3623
3624
3626
3635
3638
3640
3641
3648
3652
3653
3656
3658
3660
3672
3679
3682
3685
3701
3712
3723
3728
3734
3743
3752
3759
3761
3769
3772
3774
3776
3782
3795
3796
3797
3811
3816
3817
3826
3831
3832
3837
3842
3845
3846
3856
3860
3867
3869
3873
3878
3885
3887
3888
3890
3894
3898
3900
3902
3903
3906
3916
3930
3932
3938
3944
3963
3964
3967
3972
3979
3986
3990
3992
3996
3998
3999
4006
4024
4028
4029
4030
4036
4037
4041
4045
4046
4048
4050
4052
4054
4057
4059
4060
4065
4067
4071
4072
4075
4081
4083
4090
4092
4093
4101
4102
4107
4112
4117
4125
4128
4129
4135
4138
4143
4148
4149
4150
4155
4162
4167
4171
4177
4178
4187
4192
4202
4205
4211
4214
4216
4224
4225
4233
4234
4236
4237
4238
4239
4243
4245
4249
4256
4258
4264
4266
4271
4275
4286
4296
4301
4303
4313
4314
4327
4335
4340
4341
4343
4349
4352
4355
4358
4363
4366
4368
4370
4386
4387
4395
4402
4408
4410
4414
4416
4420
4424
4428
4434
4435
4440
4446
4452
4456
4461
4462
4464
4465
4468
4469
4471
4477
4479
4481
4484
4485
4489
4492
4493
4500
4501
4503
4506
4508
4512
4514
4515
4516
4517
4521
4524
4531
4536
4541
4542
4543
4546
4548
4552
4568
4571
4573
4574
4578
4580
4583
4587
4589
4591
4594
4595
4600
4606
4612
4614
4615
4617
4619
4623
4626
4635
4642
4644
4647
4650
4652
4654
4656
4657
4662
4665
4672
4673
4676
4678
4680
4684
4685
4686
4690
4698
4702
4712
4716
4719
4722
4723
4726
4732
4733
4738
4739
4743
4744
4745
4760
4764
4765
4768
4777
4779
4780
4783
4786
4787
4789
4795
4796
4802
4810
4812
4814
4817
4818
4823
4826
4830
4833
4840
4841
4843
4845
4846
4851
4852
4859
4863
4875
4880
4893
4896
4898
4902
4904
4905
4909
4915
4916
4918
4919
4929
4934
4951
4958
4966
4967
4980
4986
4987
5003
5022
5031
5034
5037
5054
5055
5062
5067
5068
5069
5073
5074
5077
5082
5083
5085
5092
5095
5100
5101
5112
5116
5122
5127
5131
5136
5143
5156
5163
5171
5177
5185
5191
5198
5203
5207
5215
5216
5218
5225
5233
5238
5239
5243
5244
5248
5249
5250
5263
5270
5273
5276
5277
5280
5282
5292
5298
5306
5313
5315
5317
5318
5322
5323
5325
5328
5329
5340
5352
5355
5358
5359
5362
5364
5369
5371
5372
5373
5375
5387
5392
5393
5398
5401
5404
5411
5414
5418
5423
5426
5429
5434
5459
5463
5469
5470
5478
5483
5486
5492
5494
5495
5496
5510
5522
5525
5531
5537
5546
5563
5566
5567
5572
5573
5575
5582
5590
5591
5595
5600
5606
5610
5611
5613
5617
5624
5625
5626
5631
5635
5637
5638
5642
5643
5644
5646
5648
5653
5654
5668
5671
5673
5676
5684
5685
5692
5693
5699
5702
5703
5717
5723
5727
5730
5731
5739
5740
5747
5752
5754
5757
5765
5768
5770
5771
5781
5784
5785
5788
5792
5793
5798
5804
5805
5809
5811
5816
5817
5818
5819
5826
5828
5840
5853
5854
5855
5858
5879
5880
5881
5882
5884
5889
5893
5906
5911
5915
5916
5917
5920
5923
5927
5933
5938
5941
5943
5946
5949
5956
5961
5963
5968
5972
5978
5982
5987
5988
5990
6012
6015
6017
6019
6023
6027
6028
6035
6039
6051
6054
6056
6057
6058
6061
6063
6068
6076
6078
6079
6080
6081
6100
6105
6109
6118
6124
6128
6130
6131
6134
6135
6143
6144
6151
6159
6161
6166
6170
6173
6174
6176
6180
6182
6185
6186
6188
6194
6195
6196
6200
6201
6211
6216
6217
6222
6232
6236
6242
6247
6249
6253
6258
6259
6271
6284
6287
6289
6290
6293
6294
6300
6304
6305
6312
6314
6318
6320
6322
6323
6324
6327
6329
6333
6334
6335
6336
6337
6338
6342
6347
6351
6353
6356
6357
6364
6365
6371
6373
6385
6387
6391
6398
6405
6412
6413
6417
6421
6426
6432
6445
6450
6453
6460
6461
6468
6470
6476
6480
6484
6485
6486
6489
6494
6497
6500
6502
6507
6513
6517
6524
6527
6528
6532
6543
6549
6562
6574
6589
6593
6594
6598
6605
6610
6619
6628
6632
6661
6668
6669
6680
6684
6685
6691
6704
6705
6706
6714
6718
6724
6725
6726
6727
6735
6737
6745
6746
6757
6761
6764
6767
6770
6772
6781
6782
6783
6784
6788
6790
6799
6801
6822
6826
6829
6853
6856
6859
6868
6873
6881
6894
6899
6900
6904
6906
6914
6915
6917
6918
6920
6921
6923
6924
6929
6936
6939
6947
6950
6960
6966
6968
6971
6972
6975
6986
6998
6999
7010
7016
7018
7021
7029
7038
7058
7060
7078
7081
7082
7083
7085
7089
7091
7093
7099
7103
7104
7109
7110
7111
7114
7117
7118
7121
7122
7126
7127
7136
7139
7146
7149
7156
7158
7172
7178
7179
7181
7187
7192
7198
7202
7205
7208
7209
7210
7212
7213
7215
7218
7224
7231
7234
7235
7237
7244
7254
7262
7271
7272
7273
7276
7277
7282
7286
7289
7290
7291
7296
7299
7301
7303
7307
7313
7318
7319
7323
7325
7327
7328
7332
7348
7354
7361
7363
7367
7368
7370
7376
7381
7383
7384
7385
7397
7402
7405
7412
7414
7418
7423
7427
7428
7432
7433
7435
7440
7442
7443
7446
7447
7449
7454
7460
7461
7474
7475
7480
7484
7485
7490
7496
7499
7514
7516
7517
7518
7520
7523
7524
7529
7532
7533
7538
7540
7547
7552
7557
7560
7570
7572
7581
7583
7585
7598
7603
7605
7606
7607
7608
7613
7616
7617
7622
7623
7626
7630
7633
7641
7642
7644
7651
7655
7660
7661
7663
7664
7681
7685
7690
7696
7698
7710
7712
7735
7736
7740
7742
7747
7749
7751
7752
7764
7772
7773
7786
7788
7796
7797
7801
7805
7807
7809
7819
7821
7822
7828
7830
7831
7835
7837
7842
7844
7846
7854
7859
7861
7862
7865
7867
7868
7869
7870
7872
7886
7890
7891
7892
7894
7908
7910
7911
7913
7914
7919
7923
7927
7930
7935
7942
7943
7944
7948
7950
7958
7964
7968
7969
7975
7979
7980
7987
7989
7999
8009
8011
8020
8021
8038
8053
8058
8059
8060
8063
8064
8067
8068
8076
8086
8093
8105
8106
8111
8112
8113
8125
8127
8128
8131
8134
8141
8143
8149
8151
8161
8164
8176
8183
8194
8195
8211
8213
8219
8220
8221
8222
8229
8233
8241
8244
8253
8260
8265
8287
8295
8298
8302
8309
8320
8322
8327
8329
8330
8338
8343
8348
8353
8354
8356
8358
8361
8364
8367
8371
8373
8377
8385
8391
8392
8396
8409
8416
8418
8419
8429
8431
8433
8434
8438
8441
8448
8449
8456
8458
8462
8468
8475
8480
8489
8492
8504
8516
8522
8526
8529
8538
8562
8563
8565
8566
8569
8571
8572
8579
8581
8586
8590
8597
8600
8602
8606
8612
8614
8615
8617
8618
8620
8621
8628
8632
8634
8635
8641
8646
8652
8655
8657
8659
8660
8670
8673
8677
8679
8682
8684
8686
8689
8695
8701
8703
8704
8707
8709
8711
8712
8715
8716
8721
8723
8726
8728
8729
8732
8735
8742
8745
8749
8752
8757
8758
8760
8762
8763
8765
8771
8772
8773
8786
8790
8791
8797
8809
8810
8814
8820
8821
8822
8823
8832
8835
8839
8840
8849
8851
8858
8859
8863
8864
8865
8866
8869
8870
8871
8872
8875
8876
8881
8891
8895
8897
8898
8910
8922
8926
8929
8932
8938
8939
8941
8942
8943
8949
8950
8954
8956
8962
8973
8979
8982
8987
8988
8989
8995
8996
9011
9017
9018
9021
9025
9033
9040
9045
9052
9057
9061
9084
9089
9092
9103
9107
9108
9109
9111
9113
9124
9127
9129
9130
9134
9141
9157
9167
9170
9172
9176
9195
9199
9201
9206
9207
9208
9213
9215
9231
9232
9243
9249
9250
9252
9254
9264
9269
9274
9280
9282
9284
9286
9290
9292
9294
9306
9308
9321
9325
9327
9330
9333
9336
9338
9339
9340
9344
9347
9350
9358
9361
9370
9371
9376
9377
9378
9391
9394
9397
9405
9406
9407
9408
9414
9415
9418
9434
9438
9446
9454
9457
9461
9462
9466
9467
9484
9493
9494
9502
9505
9507
9513
9515
9531
9533
9538
9546
9547
9556
9557
9559
9562
9563
9564
9566
9567
9584
9589
9593
9595
9601
9603
9607
9614
9618
9620
9622
9623
9629
9633
9634
9635
9638
9640
9642
9647
9650
9653
9657
9659
9660
9668
9683
9688
9691
9693
9695
9699
9713
9716
9719
9720
9721
9722
9725
9727
9733
9738
9739
9750
9752
9755
9758
9764
9765
9781
9789
9793
9794
9799
9800
9803
9806
9807
9811
9813
9814
9819
9822
9823
9828
9833
9836
9844
9845
9847
9848
9853
9857
9861
9865
9870
9871
9877
9879
9886
9897
9898
9899
9906
9911
9916
9923
9929
9932
9937
9940
9947
9955
9959
9963
9971
9977
9982
9986
9991
10010
10015
10019
10025
10035
10038
10039
10041
10042
10049
10060
10067
10071
10072
10076
10084
10088
10093
10094
10097
10098
10100
10103
10110
10116
10119
10131
10139
10144
10150
10151
10159
10161
10168
10176
10180
10190
10191
10193
10197
10199
10203
10208
10221
10229
10231
10234
10236
10242
10244
10245
10246
10247
10249
10255
10257
10258
10265
10267
10268
10279
10294
10300
10304
10306
10310
10311
10313
10316
10321
10330
10333
10343
10350
10351
10355
10356
10360
10365
10369
10377
10383
10386
10387
10390
10395
10404
10405
10409
10415
10421
10423
10447
10449
10450
10453
10457
10458
10462
10467
10470
10471
10473
10476
10481
10491
10494
10495
10500
10501
10505
10509
10518
10520
10523
10524
10525
10528
10530
10542
10543
10545
10546
10549
10550
10564
10571
10574
10582
10587
10588
10592
10594
10595
10596
10602
10605
10620
10623
10634
10635
10636
10642
10643
10644
10648
10650
10652
10654
10658
10659
10661
10665
10667
10673
10674
10675
10680
10681
10682
10688
10693
10694
10697
10700
10712
10719
10722
10732
10735
10737
10738
10739
10742
10746
10750
10778
12265
17988
20221
24444
28201
32769
32775
32776
32783
33899
38292
49167
50006
52869
55555
60020
